77,52
77,51
77,50
77,49
77,48
77,47
77,46
77,45
77,44
77,43
77,42
77,41
77,40
77,39
77,38
77,37
77,36
11,15
11,12
11,10
11,4
8,17
8,15
8,11
8,10
8,7
8,5
9,6
9,4
4,39
4,28
6,4
7,10
7,7
17,2
17,1
17,3
15,2
15,1
15,3
16,2
16,1
16,3
13,2
14,2
4,29
4,40
4,4
4,83
4,70
4,9
4,38
4,84
4,25
4,15
4,1
4,66
4,2
4,3
6,6
6,1
6,5
6,2
6,3
7,12
7,8
7,4
7,11
7,6
7,9
7,1
7,5
7,2
7,3
5,4
5,2
5,1
5,3
77,35
3,1
3,3
10,276
10,185
10,262
10,92
10,98
10,65
10,81
11,22
11,24
11,19
11,11
9,2
9,3
8,14
8,13
8,8
8,2
8,3
69,4
